function mpc = testcase2

mpc.version = '2';

mpc.baseMVA = 100;

mpc.bus	=	[
1	3	0	0	0	0	1	1	0	345	1	1.1	0.9;	
2	2	0	0	0	0	1	1	0	345	1	1.1	0.9;	
3	2	0	0	0	0	1	1	0	345	1	1.1	0.9;	
4	1	0	0	0	0	1	1	0	345	1	1.1	0.9;	
5	1	500	0	0	0	1	1	0	345	1	1.1	0.9;	
6	1	0	0	0	0	1	1	0	345	1	1.1	0.9;	
7	1	500	0	0	0	1	1	0	345	1	1.1	0.9;	
8	1	0	0	0	0	1	1	0	345	1	1.1	0.9;	
9	1	500	0	0	0	1	1	0	345	1	1.1	0.9;	
];

mpc.gen	=	[
3	85	0	300	-300	1	100	1	500	10	0	0	0	0	0	0	0	0	0	0	0;	
2	163	0	300	-300	1	100	1	500	10	0	0	0	0	0	0	0	0	0	0	0;	
1	0	0	300	-300	1	100	1	500	10	0	0	0	0	0	0	0	0	0	0	0;		
];

mpc.branch	=	[
7	8	0.0085	0.072	0.149	250	250	250	0	0	1	-360	360;	
1	4	0	0.0576	0	250	250	250	0	0	1	-360	360;	
3	6	0	0.0586	0	300	300	300	0	0	1	-360	360;	
4	5	0.017	0.092	0.158	250	250	250	0	0	1	-360	360;	
5	6	0.039	0.17	0.358	150	150	150	0	0	1	-360	360;	
8	2	0	0.0625	0	250	250	250	0	0	1	-360	360;	
6	7	0.0119	0.1008	0.209	150	150	150	0	0	1	-360	360;	
8	9	0.032	0.161	0.306	250	250	250	0	0	1	-360	360;	
9	4	0.01	0.085	0.176	250	250	250	0	0	1	-360	360;	
];

mpc.gencost	=	[
2	3000	0	3	0.1225	1	335;	
2	2000	0	3	0.085	1.2	600;	
2	1500	0	3	0.11	5	150;		
];
